#!/usr/bin/env ruby

require_relative '../lib/artist'

def self.main()
  Artist::make_me_an_artist(username: "pcarranza", 
                            desired_graph: commit_plan,
                            workdir: "/tmp").now
end

def self.commit_plan
  [
    [1,1,1,3,3,3,3,3,1,1,1,1,0,0,0,1,1,3,1,3,3,1,3,1,1,0,1,4,1,1,1,1,4,1,0,1,4,1,1,1,1,4,1,0,0,0],
    [1,1,3,1,1,1,1,1,3,1,1,1,0,0,0,1,1,1,4,3,3,4,1,1,1,0,1,1,3,1,1,3,1,1,0,1,1,3,1,1,3,1,1,0,0,0],
    [1,1,4,1,4,1,4,1,4,1,1,1,0,0,0,1,3,3,3,3,3,3,3,3,1,0,1,4,4,4,4,4,4,1,0,1,4,4,4,4,4,4,1,0,0,0],
    [1,4,4,2,3,3,3,2,4,4,1,1,0,0,0,1,3,1,3,3,3,3,1,3,1,0,4,4,4,4,4,4,4,4,0,4,4,4,4,4,4,4,4,0,0,0],
    [1,1,4,4,2,3,2,4,4,1,1,1,0,0,0,1,2,1,3,1,1,3,1,2,1,0,4,1,4,4,4,4,1,4,0,4,1,4,4,4,4,1,4,0,0,0],
    [1,1,4,2,2,2,2,2,4,1,1,1,0,0,0,1,1,1,3,1,1,3,1,1,1,0,4,1,4,1,1,4,1,4,0,4,1,4,1,1,4,1,4,0,0,0],
    [1,3,3,1,1,1,1,1,3,3,1,1,0,0,0,1,1,2,3,1,1,3,2,1,1,0,1,1,1,3,3,1,1,1,0,1,1,1,3,3,1,1,1,0,0,0]
  ]
end

main()
